

#################################################################################################################
                                     Instance Name           Movement (microns)        Orig Loc        New Loc
#################################################################################################################
                                        clk__L4_I0                  12       (62.72, 42.56)       (60.8, 52.64)
                             U_delayline/sub_67/U3                9.88       (71.36, 42.56)       (78.72, 40.04)
                            U_delayline/sub_67/U57                9.84       (73.92, 42.56)       (78.72, 37.52)
                                        clk__L2_I0                9.52       (53.76, 52.64)       (58.24, 57.68)
                                    U_delayline/C7                8.92       (57.28, 45.08)       (50.88, 47.6)
                                   U_delayline/U10                 8.6       (73.92, 40.04)       (80, 37.52)
                                   U_delayline/U75                 8.6       (59.2, 52.64)       (65.28, 50.12)
                        U_delayline/add_78/U1_1_21                 8.6       (80, 45.08)       (86.08, 47.6)
                                   U_delayline/U82                7.96       (55.36, 42.56)       (49.92, 45.08)
                                        clk__L4_I1                7.56       (53.76, 42.56)       (53.76, 35)
                                   U_delayline/U56                   7       (86.4, 42.56)       (90.88, 40.04)
                                   U_delayline/U45                6.36       (86.72, 45.08)       (90.56, 47.6)
                             U_delayline/add_78/U1                6.08       (55.36, 45.08)       (49.28, 45.08)
                            U_delayline/sub_67/U17                5.72       (66.56, 52.64)       (69.76, 55.16)
                                   U_delayline/U87                5.72       (70.4, 52.64)       (73.6, 55.16)
                                   U_delayline/U12                5.36       (70.08, 40.04)       (70.4, 35)
                             U_delayline/sub_67/U6                5.36       (63.36, 42.56)       (63.68, 37.52)
                            U_delayline/sub_67/U38                5.12       (65.92, 42.56)       (60.8, 42.56)
                                    U_delayline/C6                5.12       (54.72, 47.6)       (49.6, 47.6)
                                   U_delayline/U36                5.12       (87.68, 47.6)       (92.8, 47.6)
                                   U_delayline/U15                5.08       (80.64, 32.48)       (83.2, 35)
                            U_delayline/sub_67/U58                 4.8       (73.92, 45.08)       (78.72, 45.08)
                                   U_delayline/U80                4.44       (73.28, 52.64)       (75.2, 55.16)
                                   U_delayline/U68                4.12       (65.28, 57.68)       (66.88, 60.2)
                                   U_delayline/U50                4.12       (91.52, 42.56)       (93.12, 40.04)
                        U_delayline/add_78/U1_1_10                4.12       (58.56, 35)       (56.96, 37.52)
                            U_delayline/sub_67/U64                3.84       (64.32, 90.44)       (68.16, 90.44)
                                 u_FIRP/sub_79/U58                3.84       (49.92, 67.76)       (53.76, 67.76)
                                   U_delayline/U91                 3.8       (61.12, 90.44)       (62.4, 87.92)
                                   U_delayline/U20                 3.8       (80.64, 40.04)       (81.92, 37.52)
                        U_delayline/add_78/U1_1_20                3.48       (79.68, 37.52)       (78.72, 35)
                            U_delayline/sub_67/U36                3.16       (97.6, 40.04)       (98.24, 37.52)
                                   U_delayline/U83                3.16       (54.72, 35)       (54.08, 32.48)
                                   U_delayline/U49                2.88       (92.16, 47.6)       (95.04, 47.6)
                                        u_FIRP/C46                2.84       (45.76, 67.76)       (45.44, 70.28)
                                  u_FIRP/sub_79/U3                2.52       (48.32, 67.76)       (48.32, 65.24)
                            U_delayline/sub_67/U35                2.52       (98.24, 45.08)       (98.24, 47.6)
                            U_delayline/sub_67/U34                2.52       (96.32, 42.56)       (96.32, 40.04)
                            U_delayline/sub_67/U59                2.52       (74.56, 55.16)       (74.56, 57.68)
                            U_delayline/sub_67/U56                2.52       (75.52, 37.52)       (75.52, 35)
                        U_delayline/add_78/U1_1_19                2.52       (79.68, 35)       (79.68, 32.48)
